perm1:(1,2,45,46,47,48,49,50)(11,12,13,14,15,16,17,18,19,20)(21,22,23,24,25,26,27,28,-52,-51)(31,32,33,34,35,36,37,38,39,40)(41,42,43,55,56,57,84,85,86,87,88,89,90)(-10,-9,-8,3,4,5,6,7,-44,-54,-53,29,30)(61,62,63,64,65,66,67,68,69,70)(71,72,73,74,75,76,77,78,79,80)(81,82,83,58,59,60)(91,92,93,94,95,96,97,98,99,100)
perm2:(1,2,3,98,99,100)(11,12,69,70)(21,22,23,24,25,26,27,28,29,30)(31,32,33,34,35,36,37,38,39,40)(41,42,43,44,45,46,-75,-74,-73,-72,-71)(51,52,53,54,55,56,57,58,50)(61,62,63,64,65,66,67,68,13,14,15,16,17,18,19,20)(-60,-59,-49,-48,-47,76,77,78,79,80)(81,4,5,6,7,8,9,10)(91,92,93,94,95,96,97,82,83,84,85,86,87,88,89,90)
perm3:(1,2,3,4,5,6,7,8,9,10)(11,12,13,14,15,36,37,38,39,40)(21,22,23,24,25,26,27,28,-58,-57,-56,-55,-32,-31)(-30,-29,-51)(41,42,43,44,45,46,47,48,49,50)(-60,-59,52,53,69,70)(61,62,63,64,65,66,67,68,54,33,34,35,16,17,18,19,20)(71,72,73,74,75,76,77,78,79,80)(81,82,83,84,85,86,87,88,89,90)(91,92,93,94,95,96,97,98,99,100)
distance:10,10,10
median:(1,2,3,4,5,6,7,8,9,10)(11,12,13,14,15,16,17,18,19,20)(21,22,23,24,25,26,27,28,29,30)(31,32,33,34,35,36,37,38,39,40)(41,42,43,55,56,57,58,59,60)(51,52,53,54,44,45,46,47,48,49,50)(61,62,63,64,65,66,67,68,69,70)(71,72,73,74,75,76,77,78,79,80)(81,82,83,84,85,86,87,88,89,90)(91,92,93,94,95,96,97,98,99,100)
median score:16=4+6+6
Hmedian score:15=5+5+5
1.19948s--0.229006s
===============================
average1:5:1.19948:0.229006=5.23777
===============================
perm1:(1,2,-24,-23,-22,-21)(11,12,13,14,15,16,17,18,19,20)(-10,-9,-8,-7,-6,86,87,88,89,90)(31,32,33,34,35,36,37,38,39,40)(41,42,43,44,45,46,54,55,56,57,58,59,60)(51,52,53,47,48,49,50)(61,62,63,64,65,66,67,68,69,70)(-30,-29,-28,76,77,-5,-4,-3,25,26,27,-75,-74,-73,-72,-71)(81,82,83,84,85,78,79,80)(91,92,93,94,95,96,97,98,99,100)
perm2:(1,-76,-75,-74,-73,-72,-71)(11,62,63,64,65,66,67,68,69,70)(21,22,23,24,25,26,27,28,29,30)(31,32,33,34,35,36,37,38,39,40)(41,42,43,44,45,46,47,15,16,17,18,8,9,10)(51,52,53,54,55,56,57,58,59,60)(61,12,13,7,19,20)(-50,-49,-48,-14,-6,-5,-4,-3,-2,77,78,79,80)(81,82,83,84,85,86,87,88,89,90)(91,92,93,94,95,96,97,98,99,100)
perm3:(1,2,3,4,5,6,7,8,56,57,58,59,60)(11,12,13,14,15,16,17,18,19,20)(21,22,23,24,-51)(31,32,33,49,50)(41,42,43,44,45,46,47,48,34,35,-74,-73,-72,-71)(-30,-29,-28,-27,-26,-25,52,53,65,66,67,68,69,70)(61,62,63,64,54,55,9,10)(-40,-39,-38,-37,-36,75,76,77,78,79,80)(81,82,83,84,85,86,87,88,89,90)(91,92,93,94,95,96,97,98,99,100)
distance:10,10,10
median:(1,2,3,4,5,6,7,8,9,10)(11,12,13,14,15,16,17,18,19,20)(81,82,83,84,85,86,87,88,89,90)(31,32,33,34,35,36,37,38,39,40)(41,42,43,44,45,46,47,48,49,50)(51,52,53,54,55,56,57,58,59,60)(61,62,63,64,65,66,67,68,69,70)(21,22,23,24,25,26,27,28,29,30)(71,72,73,74,75,76,77,78,79,80)(91,92,93,94,95,96,97,98,99,100)
median score:15=5+5+5
Hmedian score:15=5+5+5
0.717683s--0.500692s
===============================
average1:5:0.717683:0.500692=1.43338
===============================
